Reaction:   ZT= 82    AT 207    ZP 16    AP  36
Energies in MeV, cross sections in mb,  angular momenta in hbar
SIGSUM = sum of residual nucleus cross sections.  SIGRAT = SIGSUM/SIGFUS

  ELAB E*_CN    SIGFUS    SIGSUM    SIGRAT   SIGEVAP    SIGFIS  LCRIT sig_239Cf sig_240Cf sig_241Cf sig_242Cf sig_243Cf sig_238Bk sig_239Bk sig_240Bk sig_241Bk sig_242Bk sig_237Cm sig_238Cm sig_239Cm sig_240Cm sig_241Cm sig_236Am sig_237Am sig_238Am sig_239Am sig_240Am sig_235Pu sig_236Pu sig_237Pu sig_238Pu sig_239Pu
 163.6  25.3 3.708e+00 2.259e-03 6.091e-04 2.262e-03 3.706e+00    0.0  0.00e+00  3.28e-05  2.19e-03  9.01e-06  0.00e+00  0.00e+00  0.00e+00  1.04e-09  1.50e-05  2.57e-06  1.39e-09  5.99e-06  3.26e-06  5.57e-15  4.82e-11  0.00e+00  0.00e+00  2.57e-11  0.00e+00  0.00e+00  0.00e+00  0.00e+00  0.00e+00  0.00e+00  0.00e+00
 170.0  30.7 5.903e+01 3.635e-03 6.158e-05 3.629e-03 5.903e+01   34.0  6.15e-09  2.70e-03  6.53e-04  6.92e-08  0.00e+00  0.00e+00  0.00e+00  1.31e-05  1.43e-04  9.28e-07  5.23e-06  1.17e-04  2.45e-06  5.29e-10  1.16e-08  0.00e+00  2.09e-10  8.63e-09  0.00e+00  8.04e-19  1.76e-09  0.00e+00  2.53e-18  0.00e+00  0.00e+00
 172.6  32.9 1.084e+02 3.435e-03 3.168e-05 3.432e-03 1.084e+02   40.0  1.31e-06  2.92e-03  2.06e-04  0.00e+00  0.00e+00  0.00e+00  2.02e-09  5.68e-05  1.03e-04  3.02e-07  2.51e-05  1.21e-04  9.61e-07  5.73e-09  3.49e-08  0.00e+00  2.71e-09  3.09e-08  0.00e+00  6.79e-17  7.17e-09  0.00e+00  1.50e-16  0.00e+00  0.00e+00
 173.0  33.3 1.169e+02 3.232e-03 2.765e-05 3.236e-03 1.169e+02   41.0  2.68e-06  2.75e-03  1.74e-04  0.00e+00  0.00e+00  0.00e+00  5.96e-09  6.59e-05  9.20e-05  2.55e-07  3.00e-05  1.16e-04  8.10e-07  7.72e-09  3.88e-08  0.00e+00  3.66e-09  3.62e-08  0.00e+00  1.01e-16  8.55e-09  0.00e+00  2.65e-16  0.00e+00  0.00e+00
 163.6  25.3 3.708e+00 2.259e-03 6.091e-04 2.262e-03 3.706e+00    0.0  0.00e+00  3.28e-05  2.19e-03  9.01e-06  0.00e+00  0.00e+00  0.00e+00  1.04e-09  1.50e-05  2.57e-06  1.39e-09  5.99e-06  3.26e-06  5.57e-15  4.82e-11  0.00e+00  0.00e+00  2.57e-11  0.00e+00  0.00e+00  0.00e+00  0.00e+00  0.00e+00  0.00e+00  0.00e+00
 170.0  30.7 5.903e+01 3.635e-03 6.158e-05 3.629e-03 5.903e+01   34.0  6.15e-09  2.70e-03  6.53e-04  6.92e-08  0.00e+00  0.00e+00  0.00e+00  1.31e-05  1.43e-04  9.28e-07  5.23e-06  1.17e-04  2.45e-06  5.29e-10  1.16e-08  0.00e+00  2.09e-10  8.63e-09  0.00e+00  8.04e-19  1.76e-09  0.00e+00  2.53e-18  0.00e+00  0.00e+00
 172.6  32.9 1.084e+02 3.435e-03 3.168e-05 3.432e-03 1.084e+02   40.0  1.31e-06  2.92e-03  2.06e-04  0.00e+00  0.00e+00  0.00e+00  2.02e-09  5.68e-05  1.03e-04  3.02e-07  2.51e-05  1.21e-04  9.61e-07  5.73e-09  3.49e-08  0.00e+00  2.71e-09  3.09e-08  0.00e+00  6.79e-17  7.17e-09  0.00e+00  1.50e-16  0.00e+00  0.00e+00
 173.0  33.3 1.169e+02 3.232e-03 2.765e-05 3.236e-03 1.169e+02   41.0  2.68e-06  2.75e-03  1.74e-04  0.00e+00  0.00e+00  0.00e+00  5.96e-09  6.59e-05  9.20e-05  2.55e-07  3.00e-05  1.16e-04  8.10e-07  7.72e-09  3.88e-08  0.00e+00  3.66e-09  3.62e-08  0.00e+00  1.01e-16  8.55e-09  0.00e+00  2.65e-16  0.00e+00  0.00e+00
 174.3  34.4 1.453e+02 2.486e-03 1.711e-05 2.482e-03 1.453e+02   44.0  1.11e-05  2.08e-03  8.71e-05  0.00e+00  0.00e+00  0.00e+00  3.69e-08  1.00e-04  6.39e-05  1.28e-07  5.04e-05  9.29e-05  4.38e-07  1.76e-08  5.22e-08  4.63e-14  9.25e-09  5.54e-08  6.89e-22  5.29e-16  1.42e-08  2.34e-21  1.33e-15  0.00e+00  0.00e+00
