Reaction:   ZT= 70    AT 173    ZP 20    AP  48
Energies in MeV, cross sections in mb,  angular momenta in hbar
SIGSUM = sum of residual nucleus cross sections.  SIGRAT = SIGSUM/SIGFUS

  ELAB E*_CN    SIGFUS    SIGSUM    SIGRAT   SIGEVAP    SIGFIS  LCRIT sig_217Th sig_218Th sig_219Th sig_220Th sig_221Th sig_216Ac sig_217Ac sig_218Ac sig_219Ac sig_220Ac sig_215Ra sig_216Ra sig_217Ra sig_218Ra sig_219Ra sig_214Fr sig_215Fr sig_216Fr sig_217Fr sig_218Fr sig_213Rn sig_214Rn sig_215Rn sig_216Rn sig_217Rn
 196.3  34.9 3.760e+01 1.352e+01 3.595e-01 1.352e+01 2.405e+01   34.0  4.03e+00  8.98e+00  3.74e-01  6.41e-04  0.00e+00  0.00e+00  4.90e-03  6.19e-02  1.22e-02  3.76e-05  4.77e-02  4.40e-03  2.76e-05  1.15e-05  4.03e-06  4.08e-06  4.30e-05  6.83e-06  1.89e-15  3.62e-12  2.71e-06  4.32e-11  3.41e-10  0.00e+00  0.00e+00
 202.1  39.5 1.279e+02 2.593e+01 2.027e-01 2.592e+01 1.013e+02   48.0  1.87e+01  6.76e+00  1.02e-01  7.35e-05  0.00e+00  5.88e-05  1.22e-01  1.48e-01  9.07e-03  1.29e-05  8.29e-02  4.25e-03  3.68e-05  9.78e-05  7.31e-06  1.08e-04  2.33e-04  1.07e-05  1.85e-11  3.67e-10  3.97e-09  5.17e-09  3.36e-06  0.00e+00  2.33e-20
 210.2  45.8 2.683e+02 1.351e+01 5.035e-02 1.353e+01 2.445e+02   58.0  1.22e+01  7.50e-01  3.42e-03  0.00e+00  0.00e+00  5.12e-02  4.04e-01  5.89e-02  1.04e-03  4.66e-07  3.79e-02  9.71e-04  3.76e-04  1.69e-04  3.21e-06  9.02e-04  3.12e-04  4.54e-06  7.67e-09  7.47e-09  6.37e-08  6.39e-07  2.52e-04  1.18e-18  5.59e-16
 225.1  57.5 4.232e+02 7.601e-01 1.796e-03 7.605e-01 4.109e+02   69.0  2.60e-01  1.98e-03  0.00e+00  0.00e+00  0.00e+00  4.29e-01  6.27e-02  7.28e-04  1.94e-06  0.00e+00  1.32e-03  2.25e-03  4.43e-04  1.67e-05  5.16e-08  7.23e-04  3.26e-05  5.49e-07  3.94e-07  9.25e-09  6.70e-06  4.40e-04  5.03e-04  2.82e-12  3.09e-12
 202.1  39.5 1.279e+02 2.593e+01 2.027e-01 2.592e+01 1.013e+02   48.0  1.87e+01  6.76e+00  1.02e-01  7.35e-05  0.00e+00  5.88e-05  1.22e-01  1.48e-01  9.07e-03  1.29e-05  8.29e-02  4.25e-03  3.68e-05  9.78e-05  7.31e-06  1.08e-04  2.33e-04  1.07e-05  1.85e-11  3.67e-10  3.97e-09  5.17e-09  3.36e-06  0.00e+00  2.33e-20
 210.2  45.8 2.683e+02 1.351e+01 5.035e-02 1.353e+01 2.445e+02   58.0  1.22e+01  7.50e-01  3.42e-03  0.00e+00  0.00e+00  5.12e-02  4.04e-01  5.89e-02  1.04e-03  4.66e-07  3.79e-02  9.71e-04  3.76e-04  1.69e-04  3.21e-06  9.02e-04  3.12e-04  4.54e-06  7.67e-09  7.47e-09  6.37e-08  6.39e-07  2.52e-04  1.18e-18  5.59e-16
 225.1  57.5 4.232e+02 7.601e-01 1.796e-03 7.605e-01 4.109e+02   69.0  2.60e-01  1.98e-03  0.00e+00  0.00e+00  0.00e+00  4.29e-01  6.27e-02  7.28e-04  1.94e-06  0.00e+00  1.32e-03  2.25e-03  4.43e-04  1.67e-05  5.16e-08  7.23e-04  3.26e-05  5.49e-07  3.94e-07  9.25e-09  6.70e-06  4.40e-04  5.03e-04  2.82e-12  3.09e-12
