Reaction:   ZT= 81    AT 205    ZP  4    AP   9
Energies in MeV, cross sections in mb,  angular momenta in hbar
SIGSUM = sum of residual nucleus cross sections.  SIGRAT = SIGSUM/SIGFUS

  ELAB E*_CN    SIGFUS    SIGSUM    SIGRAT   SIGEVAP    SIGFIS  LCRIT sig_210At sig_211At sig_212At sig_213At sig_214At sig_209Po sig_210Po sig_211Po sig_212Po sig_213Po sig_208Bi sig_209Bi sig_210Bi sig_211Bi sig_212Bi sig_207Pb sig_208Pb sig_209Pb sig_210Pb sig_211Pb sig_206Tl sig_207Tl sig_208Tl sig_209Tl sig_210Tl
  42.4  31.5 2.747e+02 2.748e+02 1.000e+00 2.747e+02 5.248e-02   14.0  1.81e+02  9.35e+01  5.53e-02  0.00e+00  0.00e+00  0.00e+00  6.88e-02  8.38e-02  2.04e-03  3.63e-07  1.17e-01  2.86e-03  5.90e-08  4.87e-07  4.53e-07  2.41e-07  2.38e-05  1.08e-06  0.00e+00  4.83e-17  0.00e+00  0.00e+00  0.00e+00  0.00e+00  0.00e+00
  44.8  33.8 4.685e+02 4.674e+02 9.976e-01 4.673e+02 1.984e-01   17.0  3.94e+02  7.28e+01  2.51e-02  0.00e+00  0.00e+00  6.21e-05  2.54e-01  1.00e-01  1.19e-03  1.81e-07  1.87e-01  1.68e-03  6.41e-08  3.05e-06  8.41e-07  4.18e-06  5.07e-05  8.49e-07  1.42e-18  5.94e-15  1.46e-06  1.06e-15  3.15e-13  0.00e+00  0.00e+00
  47.2  36.1 6.426e+02 6.195e+02 9.641e-01 6.199e+02 5.494e-01   21.0  5.82e+02  3.67e+01  9.37e-03  0.00e+00  0.00e+00  3.46e-03  5.54e-01  6.78e-02  5.31e-04  6.52e-08  1.78e-01  6.94e-04  9.03e-07  9.98e-06  7.87e-07  2.24e-05  7.36e-05  4.81e-07  8.38e-16  1.98e-13  1.42e-06  2.02e-13  4.73e-12  0.00e+00  0.00e+00
  42.4  31.5 2.747e+02 2.748e+02 1.000e+00 2.747e+02 5.248e-02   14.0  1.81e+02  9.35e+01  5.53e-02  0.00e+00  0.00e+00  0.00e+00  6.88e-02  8.38e-02  2.04e-03  3.63e-07  1.17e-01  2.86e-03  5.90e-08  4.87e-07  4.53e-07  2.41e-07  2.38e-05  1.08e-06  0.00e+00  4.83e-17  0.00e+00  0.00e+00  0.00e+00  0.00e+00  0.00e+00
  44.8  33.8 4.685e+02 4.674e+02 9.976e-01 4.673e+02 1.984e-01   17.0  3.94e+02  7.28e+01  2.51e-02  0.00e+00  0.00e+00  6.21e-05  2.54e-01  1.00e-01  1.19e-03  1.81e-07  1.87e-01  1.68e-03  6.41e-08  3.05e-06  8.41e-07  4.18e-06  5.07e-05  8.49e-07  1.42e-18  5.94e-15  1.46e-06  1.06e-15  3.15e-13  0.00e+00  0.00e+00
  47.2  36.1 6.426e+02 6.195e+02 9.641e-01 6.199e+02 5.494e-01   21.0  5.82e+02  3.67e+01  9.37e-03  0.00e+00  0.00e+00  3.46e-03  5.54e-01  6.78e-02  5.31e-04  6.52e-08  1.78e-01  6.94e-04  9.03e-07  9.98e-06  7.87e-07  2.24e-05  7.36e-05  4.81e-07  8.38e-16  1.98e-13  1.42e-06  2.02e-13  4.73e-12  0.00e+00  0.00e+00
  42.4  31.5 2.747e+02 2.748e+02 1.000e+00 2.747e+02 5.248e-02   14.0  1.81e+02  9.35e+01  5.53e-02  0.00e+00  0.00e+00  0.00e+00  6.88e-02  8.38e-02  2.04e-03  3.63e-07  1.17e-01  2.86e-03  5.90e-08  4.87e-07  4.53e-07  2.41e-07  2.38e-05  1.08e-06  0.00e+00  4.83e-17  0.00e+00  0.00e+00  0.00e+00  0.00e+00  0.00e+00
  44.8  33.8 4.685e+02 4.674e+02 9.976e-01 4.673e+02 1.984e-01   17.0  3.94e+02  7.28e+01  2.51e-02  0.00e+00  0.00e+00  6.21e-05  2.54e-01  1.00e-01  1.19e-03  1.81e-07  1.87e-01  1.68e-03  6.41e-08  3.05e-06  8.41e-07  4.18e-06  5.07e-05  8.49e-07  1.42e-18  5.94e-15  1.46e-06  1.06e-15  3.15e-13  0.00e+00  0.00e+00
  47.2  36.1 6.426e+02 6.195e+02 9.641e-01 6.199e+02 5.494e-01   21.0  5.82e+02  3.67e+01  9.37e-03  0.00e+00  0.00e+00  3.46e-03  5.54e-01  6.78e-02  5.31e-04  6.52e-08  1.78e-01  6.94e-04  9.03e-07  9.98e-06  7.87e-07  2.24e-05  7.36e-05  4.81e-07  8.38e-16  1.98e-13  1.42e-06  2.02e-13  4.73e-12  0.00e+00  0.00e+00
