Reaction:   ZT= 79    AT 197    ZP  2    AP   4
Energies in MeV, cross sections in mb,  angular momenta in hbar
SIGSUM = sum of residual nucleus cross sections.  SIGRAT = SIGSUM/SIGFUS

  ELAB E*_CN    SIGFUS    SIGSUM    SIGRAT   SIGEVAP    SIGFIS  LCRIT sig_197Tl sig_198Tl sig_199Tl sig_200Tl sig_201Tl sig_196Hg sig_197Hg sig_198Hg sig_199Hg sig_200Hg sig_195Au sig_196Au sig_197Au sig_198Au sig_199Au sig_194Pt sig_195Pt sig_196Pt sig_197Pt sig_198Pt sig_193Ir sig_194Ir sig_195Ir sig_196Ir sig_197Ir
 116.5 112.6 1.511e+03 1.877e-03 1.242e-06 1.873e-03 2.388e+02   31.0  0.00e+00  0.00e+00  0.00e+00  0.00e+00  0.00e+00  0.00e+00  0.00e+00  0.00e+00  0.00e+00  0.00e+00  1.07e-04  0.00e+00  0.00e+00  0.00e+00  0.00e+00  1.82e-04  1.11e-06  0.00e+00  0.00e+00  0.00e+00  1.58e-03  6.66e-06  0.00e+00  1.98e-11  0.00e+00
 125.1 121.1 1.463e+03 1.803e-04 1.233e-07 1.808e-04 3.188e+02   32.0  0.00e+00  0.00e+00  0.00e+00  0.00e+00  0.00e+00  0.00e+00  0.00e+00  0.00e+00  0.00e+00  0.00e+00  4.10e-06  0.00e+00  0.00e+00  0.00e+00  0.00e+00  3.08e-05  3.41e-08  0.00e+00  0.00e+00  0.00e+00  1.45e-04  4.00e-07  0.00e+00  6.67e-13  0.00e+00
 133.3 129.1 1.396e+03 1.782e-05 1.277e-08 1.787e-05 3.904e+02   32.0  0.00e+00  0.00e+00  0.00e+00  0.00e+00  0.00e+00  0.00e+00  0.00e+00  0.00e+00  0.00e+00  0.00e+00  0.00e+00  0.00e+00  0.00e+00  0.00e+00  0.00e+00  4.32e-06  0.00e+00  0.00e+00  0.00e+00  0.00e+00  1.35e-05  0.00e+00  0.00e+00  0.00e+00  0.00e+00
 141.2 136.9 1.345e+03 1.438e-06 1.069e-09 1.438e-06 4.646e+02   33.0  0.00e+00  0.00e+00  0.00e+00  0.00e+00  0.00e+00  0.00e+00  0.00e+00  0.00e+00  0.00e+00  0.00e+00  0.00e+00  0.00e+00  0.00e+00  0.00e+00  0.00e+00  1.38e-07  0.00e+00  0.00e+00  0.00e+00  0.00e+00  1.30e-06  0.00e+00  0.00e+00  0.00e+00  0.00e+00
 148.7 144.2 1.318e+03 0.000e+00 0.000e+00 0.000e+00 5.455e+02   33.0  0.00e+00  0.00e+00  0.00e+00  0.00e+00  0.00e+00  0.00e+00  0.00e+00  0.00e+00  0.00e+00  0.00e+00  0.00e+00  0.00e+00  0.00e+00  0.00e+00  0.00e+00  0.00e+00  0.00e+00  0.00e+00  0.00e+00  0.00e+00  0.00e+00  0.00e+00  0.00e+00  0.00e+00  0.00e+00
 156.0 151.4 1.266e+03 0.000e+00 0.000e+00 0.000e+00 6.041e+02   33.0  0.00e+00  0.00e+00  0.00e+00  0.00e+00  0.00e+00  0.00e+00  0.00e+00  0.00e+00  0.00e+00  0.00e+00  0.00e+00  0.00e+00  0.00e+00  0.00e+00  0.00e+00  0.00e+00  0.00e+00  0.00e+00  0.00e+00  0.00e+00  0.00e+00  0.00e+00  0.00e+00  0.00e+00  0.00e+00
 125.1 121.1 1.463e+03 1.803e-04 1.233e-07 1.808e-04 3.188e+02   32.0  0.00e+00  0.00e+00  0.00e+00  0.00e+00  0.00e+00  0.00e+00  0.00e+00  0.00e+00  0.00e+00  0.00e+00  4.10e-06  0.00e+00  0.00e+00  0.00e+00  0.00e+00  3.08e-05  3.41e-08  0.00e+00  0.00e+00  0.00e+00  1.45e-04  4.00e-07  0.00e+00  6.67e-13  0.00e+00
 133.3 129.1 1.396e+03 1.782e-05 1.277e-08 1.787e-05 3.904e+02   32.0  0.00e+00  0.00e+00  0.00e+00  0.00e+00  0.00e+00  0.00e+00  0.00e+00  0.00e+00  0.00e+00  0.00e+00  0.00e+00  0.00e+00  0.00e+00  0.00e+00  0.00e+00  4.32e-06  0.00e+00  0.00e+00  0.00e+00  0.00e+00  1.35e-05  0.00e+00  0.00e+00  0.00e+00  0.00e+00
 141.2 136.9 1.345e+03 1.438e-06 1.069e-09 1.438e-06 4.646e+02   33.0  0.00e+00  0.00e+00  0.00e+00  0.00e+00  0.00e+00  0.00e+00  0.00e+00  0.00e+00  0.00e+00  0.00e+00  0.00e+00  0.00e+00  0.00e+00  0.00e+00  0.00e+00  1.38e-07  0.00e+00  0.00e+00  0.00e+00  0.00e+00  1.30e-06  0.00e+00  0.00e+00  0.00e+00  0.00e+00
 148.7 144.2 1.318e+03 0.000e+00 0.000e+00 0.000e+00 5.455e+02   33.0  0.00e+00  0.00e+00  0.00e+00  0.00e+00  0.00e+00  0.00e+00  0.00e+00  0.00e+00  0.00e+00  0.00e+00  0.00e+00  0.00e+00  0.00e+00  0.00e+00  0.00e+00  0.00e+00  0.00e+00  0.00e+00  0.00e+00  0.00e+00  0.00e+00  0.00e+00  0.00e+00  0.00e+00  0.00e+00
 156.0 151.4 1.266e+03 0.000e+00 0.000e+00 0.000e+00 6.041e+02   33.0  0.00e+00  0.00e+00  0.00e+00  0.00e+00  0.00e+00  0.00e+00  0.00e+00  0.00e+00  0.00e+00  0.00e+00  0.00e+00  0.00e+00  0.00e+00  0.00e+00  0.00e+00  0.00e+00  0.00e+00  0.00e+00  0.00e+00  0.00e+00  0.00e+00  0.00e+00  0.00e+00  0.00e+00  0.00e+00
  71.6  68.6 1.969e+03 1.472e+01 7.474e-03 1.474e+01 1.636e+01   28.0  3.60e+00  2.17e-03  0.00e+00  0.00e+00  0.00e+00  1.09e+01  1.38e-01  2.13e-04  0.00e+00  0.00e+00  2.32e-02  4.08e-02  3.38e-03  3.99e-06  4.84e-10  7.15e-03  2.34e-05  6.59e-06  1.37e-06  1.18e-08  2.46e-05  9.40e-04  1.04e-03  4.21e-12  1.55e-11
  78.7  75.6 1.888e+03 2.511e+00 1.330e-03 2.508e+00 3.137e+01   29.0  1.78e-01  0.00e+00  0.00e+00  0.00e+00  0.00e+00  2.17e+00  9.01e-03  4.00e-06  0.00e+00  0.00e+00  1.23e-01  1.85e-02  2.57e-04  1.70e-07  0.00e+00  1.23e-03  2.52e-05  1.97e-05  5.00e-07  1.13e-09  2.64e-03  7.33e-03  1.04e-03  2.99e-10  9.04e-11
  85.3  82.1 1.810e+03 4.779e-01 2.640e-04 4.775e-01 5.156e+01   29.0  9.50e-03  0.00e+00  0.00e+00  0.00e+00  0.00e+00  2.85e-01  5.69e-04  0.00e+00  0.00e+00  0.00e+00  1.44e-01  4.46e-03  2.39e-05  0.00e+00  0.00e+00  1.90e-04  1.06e-04  1.38e-05  9.27e-08  8.67e-11  2.36e-02  1.01e-02  3.49e-04  1.86e-09  8.73e-11
  91.6  88.2 1.749e+03 1.885e-01 1.078e-04 1.885e-01 7.807e+01   30.0  4.39e-04  0.00e+00  0.00e+00  0.00e+00  0.00e+00  3.34e-02  3.14e-05  0.00e+00  0.00e+00  0.00e+00  9.45e-02  1.12e-03  3.23e-06  0.00e+00  0.00e+00  3.25e-04  1.40e-04  5.14e-06  1.28e-08  1.72e-12  5.32e-02  5.25e-03  7.05e-05  2.72e-09  3.49e-11
  97.6  94.1 1.683e+03 8.581e-02 5.099e-05 8.586e-02 1.083e+02   30.0  0.00e+00  0.00e+00  0.00e+00  0.00e+00  0.00e+00  3.57e-03  0.00e+00  0.00e+00  0.00e+00  0.00e+00  3.19e-02  1.59e-04  0.00e+00  0.00e+00  0.00e+00  7.95e-04  8.79e-05  1.21e-06  1.48e-09  0.00e+00  4.77e-02  1.59e-03  1.13e-05  1.65e-09  8.68e-12
