Reaction:   ZT= 82    AT 206    ZP  2    AP   6
Energies in MeV, cross sections in mb,  angular momenta in hbar
SIGSUM = sum of residual nucleus cross sections.  SIGRAT = SIGSUM/SIGFUS

  ELAB E*_CN    SIGFUS    SIGSUM    SIGRAT   SIGEVAP    SIGFIS  LCRIT sig_208Po sig_209Po sig_210Po sig_211Po sig_212Po sig_207Bi sig_208Bi sig_209Bi sig_210Bi sig_211Bi sig_206Pb sig_207Pb sig_208Pb sig_209Pb sig_210Pb sig_205Tl sig_206Tl sig_207Tl sig_208Tl sig_209Tl sig_204Hg sig_205Hg sig_206Hg sig_207Hg sig_208Hg
  14.5  18.3 5.412e-03 5.407e-03 9.991e-01 5.412e-03 0.000e+00    0.0  0.00e+00  0.00e+00  5.40e-03  6.66e-06  1.84e-10  0.00e+00  0.00e+00  0.00e+00  3.85e-08  1.09e-07  0.00e+00  2.67e-07  1.93e-07  0.00e+00  0.00e+00  0.00e+00  0.00e+00  1.59e-15  0.00e+00  0.00e+00  0.00e+00  0.00e+00  0.00e+00  0.00e+00  0.00e+00
  15.5  19.3 7.252e-02 7.252e-02 1.000e+00 7.252e-02 0.000e+00    0.0  0.00e+00  9.79e-04  7.15e-02  3.60e-05  0.00e+00  0.00e+00  0.00e+00  0.00e+00  1.28e-06  1.31e-06  0.00e+00  5.16e-06  1.71e-06  0.00e+00  1.63e-17  0.00e+00  0.00e+00  1.46e-13  0.00e+00  0.00e+00  0.00e+00  0.00e+00  0.00e+00  0.00e+00  0.00e+00
  16.4  20.1 5.404e-01 5.408e-01 1.001e+00 5.404e-01 0.000e+00    0.0  0.00e+00  5.56e-02  4.85e-01  1.21e-04  0.00e+00  0.00e+00  0.00e+00  0.00e+00  1.40e-05  9.43e-06  5.44e-08  5.12e-05  7.20e-06  0.00e+00  2.41e-15  0.00e+00  0.00e+00  3.32e-12  0.00e+00  0.00e+00  0.00e+00  0.00e+00  0.00e+00  0.00e+00  0.00e+00
  17.2  20.9 2.898e+00 2.902e+00 1.001e+00 2.898e+00 0.000e+00    0.0  0.00e+00  8.71e-01  2.03e+00  4.26e-04  0.00e+00  0.00e+00  0.00e+00  3.65e-07  1.08e-04  4.16e-05  3.05e-06  3.25e-04  2.00e-05  0.00e+00  2.14e-13  0.00e+00  0.00e+00  2.64e-11  0.00e+00  0.00e+00  0.00e+00  0.00e+00  0.00e+00  0.00e+00  0.00e+00
  17.9  21.5 9.605e+00 9.612e+00 1.001e+00 9.605e+00 0.000e+00    0.0  0.00e+00  3.36e+00  6.25e+00  7.02e-04  0.00e+00  0.00e+00  0.00e+00  1.52e-06  5.20e-04  7.99e-05  4.12e-05  1.06e-03  6.16e-05  0.00e+00  7.04e-12  0.00e+00  0.00e+00  3.49e-10  0.00e+00  0.00e+00  0.00e+00  0.00e+00  0.00e+00  0.00e+00  0.00e+00
  18.0  21.6 1.125e+01 1.125e+01 1.000e+00 1.125e+01 0.000e+00    0.0  0.00e+00  4.92e+00  6.33e+00  8.35e-04  0.00e+00  0.00e+00  0.00e+00  1.73e-06  6.20e-04  9.31e-05  4.70e-05  1.32e-03  5.64e-05  0.00e+00  9.39e-12  0.00e+00  0.00e+00  3.98e-10  0.00e+00  0.00e+00  0.00e+00  0.00e+00  0.00e+00  0.00e+00  0.00e+00
