Reaction:   ZT= 94    AT 244    ZP 20    AP  48
Energies in MeV, cross sections in mb,  angular momenta in hbar
SIGSUM = sum of residual nucleus cross sections.  SIGRAT = SIGSUM/SIGFUS

  ELAB E*_CN    SIGFUS    SIGSUM    SIGRAT   SIGEVAP    SIGFIS  LCRIT sig_288Fl sig_289Fl sig_290Fl sig_291Fl sig_292Fl sig_287Nh sig_288Nh sig_289Nh sig_290Nh sig_291Nh sig_286Cn sig_287Cn sig_288Cn sig_289Cn sig_290Cn sig_285Rg sig_286Rg sig_287Rg sig_288Rg sig_289Rg sig_284Ds sig_285Ds sig_286Ds sig_287Ds sig_288Ds
 242.7  48.4 1.830e-05 3.020e-17 1.650e-12 3.016e-17 1.830e-05    0.0  3.01e-17  0.00e+00  0.00e+00  0.00e+00  0.00e+00  2.18e-20  1.56e-20  2.53e-20  0.00e+00  0.00e+00  0.00e+00  0.00e+00  0.00e+00  3.22e-20  1.05e-22  0.00e+00  4.04e-22  1.77e-22  3.36e-26  2.52e-24  0.00e+00  0.00e+00  0.00e+00  2.19e-41  1.89e-34
 249.9  54.4 6.092e-02 1.126e-16 1.848e-15 1.126e-16 6.092e-02    0.0  0.00e+00  0.00e+00  0.00e+00  0.00e+00  0.00e+00  9.99e-17  4.01e-18  0.00e+00  0.00e+00  0.00e+00  0.00e+00  0.00e+00  0.00e+00  8.52e-18  0.00e+00  0.00e+00  1.16e-19  0.00e+00  8.03e-21  1.26e-20  0.00e+00  0.00e+00  0.00e+00  3.86e-32  6.66e-28
 256.7  60.1 2.786e+00 3.447e-15 1.237e-15 3.447e-15 2.786e+00   13.0  0.00e+00  0.00e+00  0.00e+00  0.00e+00  0.00e+00  3.44e-15  0.00e+00  0.00e+00  0.00e+00  0.00e+00  0.00e+00  0.00e+00  0.00e+00  5.25e-18  0.00e+00  0.00e+00  0.00e+00  0.00e+00  1.49e-18  1.34e-19  0.00e+00  0.00e+00  0.00e+00  3.53e-27  1.08e-24
 242.7  48.4 1.830e-05 3.020e-17 1.650e-12 3.016e-17 1.830e-05    0.0  3.01e-17  0.00e+00  0.00e+00  0.00e+00  0.00e+00  2.18e-20  1.56e-20  2.53e-20  0.00e+00  0.00e+00  0.00e+00  0.00e+00  0.00e+00  3.22e-20  1.05e-22  0.00e+00  4.04e-22  1.77e-22  3.36e-26  2.52e-24  0.00e+00  0.00e+00  0.00e+00  2.19e-41  1.89e-34
 249.9  54.4 6.092e-02 1.126e-16 1.848e-15 1.126e-16 6.092e-02    0.0  0.00e+00  0.00e+00  0.00e+00  0.00e+00  0.00e+00  9.99e-17  4.01e-18  0.00e+00  0.00e+00  0.00e+00  0.00e+00  0.00e+00  0.00e+00  8.52e-18  0.00e+00  0.00e+00  1.16e-19  0.00e+00  8.03e-21  1.26e-20  0.00e+00  0.00e+00  0.00e+00  3.86e-32  6.66e-28
 256.7  60.1 2.786e+00 3.447e-15 1.237e-15 3.447e-15 2.786e+00   13.0  0.00e+00  0.00e+00  0.00e+00  0.00e+00  0.00e+00  3.44e-15  0.00e+00  0.00e+00  0.00e+00  0.00e+00  0.00e+00  0.00e+00  0.00e+00  5.25e-18  0.00e+00  0.00e+00  0.00e+00  0.00e+00  1.49e-18  1.34e-19  0.00e+00  0.00e+00  0.00e+00  3.53e-27  1.08e-24
 249.9  54.4 6.092e-02 1.126e-16 1.848e-15 1.126e-16 6.092e-02    0.0  0.00e+00  0.00e+00  0.00e+00  0.00e+00  0.00e+00  9.99e-17  4.01e-18  0.00e+00  0.00e+00  0.00e+00  0.00e+00  0.00e+00  0.00e+00  8.52e-18  0.00e+00  0.00e+00  1.16e-19  0.00e+00  8.03e-21  1.26e-20  0.00e+00  0.00e+00  0.00e+00  3.86e-32  6.66e-28
 256.7  60.1 2.786e+00 3.447e-15 1.237e-15 3.447e-15 2.786e+00   13.0  0.00e+00  0.00e+00  0.00e+00  0.00e+00  0.00e+00  3.44e-15  0.00e+00  0.00e+00  0.00e+00  0.00e+00  0.00e+00  0.00e+00  0.00e+00  5.25e-18  0.00e+00  0.00e+00  0.00e+00  0.00e+00  1.49e-18  1.34e-19  0.00e+00  0.00e+00  0.00e+00  3.53e-27  1.08e-24
