Reaction:   ZT= 81    AT 203    ZP  6    AP  12
Energies in MeV, cross sections in mb,  angular momenta in hbar
SIGSUM = sum of residual nucleus cross sections.  SIGRAT = SIGSUM/SIGFUS

  ELAB E*_CN    SIGFUS    SIGSUM    SIGRAT   SIGEVAP    SIGFIS  LCRIT sig_211Fr sig_212Fr sig_213Fr sig_214Fr sig_215Fr sig_210Rn sig_211Rn sig_212Rn sig_213Rn sig_214Rn sig_209At sig_210At sig_211At sig_212At sig_213At sig_208Po sig_209Po sig_210Po sig_211Po sig_212Po sig_207Bi sig_208Bi sig_209Bi sig_210Bi sig_211Bi
  62.1  32.6 1.370e+02 1.356e+02 9.898e-01 1.356e+02 1.477e+00   15.0  1.49e+01  1.18e+02  2.08e+00  1.01e-04  0.00e+00  0.00e+00  2.27e-02  3.75e-01  5.78e-03  5.66e-06  1.95e-01  2.19e-02  1.15e-05  1.45e-05  9.93e-06  1.85e-06  9.53e-05  3.26e-05  3.70e-17  3.72e-12  1.31e-05  1.72e-14  3.51e-09  0.00e+00  0.00e+00
  64.2  34.5 2.539e+02 2.499e+02 9.844e-01 2.495e+02 4.325e+00   19.0  7.99e+01  1.67e+02  1.69e+00  7.23e-05  0.00e+00  0.00e+00  1.71e-01  7.24e-01  4.86e-03  4.22e-06  4.39e-01  1.96e-02  1.27e-05  5.99e-05  1.82e-05  1.75e-05  2.91e-04  4.19e-05  1.64e-14  4.83e-11  2.27e-05  1.58e-12  1.31e-08  0.00e+00  0.00e+00
  66.1  36.3 3.592e+02 3.504e+02 9.755e-01 3.501e+02 9.028e+00   22.0  1.85e+02  1.62e+02  1.23e+00  2.55e-05  0.00e+00  5.08e-06  4.95e-01  9.74e-01  3.63e-03  2.90e-06  6.87e-01  1.59e-02  3.83e-05  1.41e-04  1.87e-05  8.76e-05  5.64e-04  3.84e-05  6.95e-13  2.73e-10  2.84e-05  8.61e-11  2.95e-08  0.00e+00  0.00e+00
  69.1  39.2 5.138e+02 4.912e+02 9.561e-01 4.906e+02 2.278e+01   26.0  3.71e+02  1.16e+02  6.35e-01  0.00e+00  0.00e+00  4.77e-03  1.64e+00  9.73e-01  1.91e-03  1.44e-06  9.54e-01  8.80e-03  2.86e-04  3.00e-04  1.40e-05  5.19e-04  1.07e-03  2.71e-05  9.71e-11  2.02e-09  2.48e-05  2.74e-09  8.63e-08  0.00e+00  5.90e-21
  71.2  41.1 6.135e+02 5.709e+02 9.306e-01 5.710e+02 3.913e+01   29.0  4.84e+02  8.20e+01  3.73e-01  0.00e+00  0.00e+00  5.72e-02  2.69e+00  8.12e-01  1.19e-03  7.71e-07  9.54e-01  5.46e-03  7.76e-04  3.69e-04  1.00e-05  1.29e-03  1.32e-03  1.94e-05  9.48e-10  5.59e-09  6.68e-09  6.95e-08  2.72e-07  0.00e+00  5.85e-19
  77.0  46.6 8.571e+02 5.670e+02 6.616e-01 5.672e+02 1.303e+02   34.0  5.35e+02  2.46e+01  7.42e-02  0.00e+00  0.00e+00  1.73e+00  4.75e+00  3.32e-01  2.91e-04  6.64e-08  5.19e-01  1.71e-03  3.74e-03  2.95e-04  2.95e-06  6.26e-03  1.18e-03  5.69e-06  5.19e-08  2.73e-08  1.60e-07  4.08e-07  4.86e-05  2.44e-18  2.53e-15
