Reaction:   ZT= 29    AT  63    ZP  2    AP   6
Energies in MeV, cross sections in mb,  angular momenta in hbar
SIGSUM = sum of residual nucleus cross sections.  SIGRAT = SIGSUM/SIGFUS

  ELAB E*_CN    SIGFUS    SIGSUM    SIGRAT   SIGEVAP    SIGFIS  LCRIT  sig_65Ga  sig_66Ga  sig_67Ga  sig_68Ga  sig_69Ga  sig_64Zn  sig_65Zn  sig_66Zn  sig_67Zn  sig_68Zn  sig_63Cu  sig_64Cu  sig_65Cu  sig_66Cu  sig_67Cu  sig_62Ni  sig_63Ni  sig_64Ni  sig_65Ni  sig_66Ni  sig_61Co  sig_62Co  sig_63Co  sig_64Co  sig_65Co
  30.0  48.7 1.757e+03 1.746e+03 9.938e-01 1.746e+03 0.000e+00   20.0  1.21e+01  2.72e+02  1.77e+01  1.72e-02  0.00e+00  2.81e-02  2.14e+02  8.04e+02  1.05e+01  7.85e-03  2.24e+02  1.39e+01  3.03e+01  4.44e+01  1.91e+00  4.05e+01  5.50e+01  3.57e+00  1.08e-02  1.58e-01  1.90e+00  1.85e-04  9.00e-02  0.00e+00  5.05e-14
  30.0  48.7 1.757e+03 1.746e+03 9.939e-01 1.746e+03 0.000e+00   20.0  1.11e+01  2.70e+02  1.84e+01  1.72e-02  0.00e+00  2.50e-02  2.16e+02  8.03e+02  1.10e+01  7.74e-03  2.26e+02  1.38e+01  3.04e+01  4.43e+01  1.90e+00  3.91e+01  5.53e+01  3.56e+00  1.07e-02  1.56e-01  2.03e+00  1.85e-04  8.94e-02  0.00e+00  5.01e-14
  30.0  48.7 1.757e+03 1.746e+03 9.939e-01 1.746e+03 0.000e+00   20.0  1.11e+01  2.70e+02  1.84e+01  1.72e-02  0.00e+00  2.50e-02  2.16e+02  8.03e+02  1.10e+01  7.74e-03  2.26e+02  1.38e+01  3.04e+01  4.43e+01  1.90e+00  3.91e+01  5.53e+01  3.56e+00  1.07e-02  1.56e-01  2.03e+00  1.85e-04  8.94e-02  0.00e+00  5.01e-14
  30.0  48.8 1.758e+03 1.746e+03 9.929e-01 1.746e+03 0.000e+00   20.0  1.24e+01  2.74e+02  1.75e+01  1.73e-02  0.00e+00  2.85e-02  2.13e+02  8.02e+02  1.04e+01  7.88e-03  2.24e+02  1.40e+01  3.03e+01  4.45e+01  1.92e+00  4.07e+01  5.50e+01  3.58e+00  1.08e-02  1.59e-01  1.91e+00  2.29e-04  9.01e-02  0.00e+00  5.07e-14
  30.0  48.7 1.757e+03 1.746e+03 9.939e-01 1.746e+03 0.000e+00   20.0  1.11e+01  2.70e+02  1.84e+01  1.72e-02  0.00e+00  2.50e-02  2.16e+02  8.03e+02  1.10e+01  7.74e-03  2.26e+02  1.38e+01  3.04e+01  4.43e+01  1.90e+00  3.91e+01  5.53e+01  3.56e+00  1.07e-02  1.56e-01  2.03e+00  1.85e-04  8.94e-02  0.00e+00  5.01e-14
  30.0  48.7 1.757e+03 1.746e+03 9.939e-01 1.746e+03 0.000e+00   20.0  1.11e+01  2.70e+02  1.84e+01  1.72e-02  0.00e+00  2.50e-02  2.16e+02  8.03e+02  1.10e+01  7.74e-03  2.26e+02  1.38e+01  3.04e+01  4.43e+01  1.90e+00  3.91e+01  5.53e+01  3.56e+00  1.07e-02  1.56e-01  2.03e+00  1.85e-04  8.94e-02  0.00e+00  5.01e-14
