Reaction:   ZT= 82    AT 207    ZP 16    AP  34
Energies in MeV, cross sections in mb,  angular momenta in hbar
SIGSUM = sum of residual nucleus cross sections.  SIGRAT = SIGSUM/SIGFUS

  ELAB E*_CN    SIGFUS    SIGSUM    SIGRAT   SIGEVAP    SIGFIS  LCRIT sig_239Cf sig_240Cf sig_241Cf sig_238Bk sig_239Bk sig_240Bk sig_237Cm sig_238Cm sig_239Cm
 160.5  26.1 4.423e-01 3.235e-05 7.314e-05 3.235e-05 4.422e-01    0.0  3.05e-05  8.94e-08  0.00e+00  1.98e-10  1.53e-06  1.10e-07  1.20e-07  2.09e-14  5.55e-11
 164.3  29.4 6.527e+00 6.291e-05 9.638e-06 6.295e-05 6.527e+00   11.0  4.83e-05  2.51e-08  0.00e+00  1.61e-07  1.40e-05  1.69e-07  2.49e-07  3.79e-11  3.32e-09
 167.2  31.9 2.525e+01 4.847e-05 1.920e-06 4.842e-05 2.525e+01   25.0  2.41e-05  0.00e+00  0.00e+00  3.28e-06  2.08e-05  9.48e-08  1.70e-07  1.27e-09  2.27e-08
 167.3  32.0 2.625e+01 4.861e-05 1.852e-06 4.866e-05 2.625e+01   26.0  2.35e-05  0.00e+00  0.00e+00  3.52e-06  2.13e-05  9.34e-08  1.68e-07  1.39e-09  2.38e-08
 169.3  33.7 5.154e+01 4.180e-05 8.111e-07 4.184e-05 5.154e+01   32.0  1.21e-05  0.00e+00  0.00e+00  1.28e-05  1.67e-05  4.77e-08  9.49e-08  8.37e-09  5.18e-08
 169.7  34.0 5.781e+01 4.219e-05 7.298e-07 4.229e-05 5.781e+01   33.0  1.02e-05  0.00e+00  0.00e+00  1.57e-05  1.61e-05  3.91e-08  8.33e-08  1.09e-08  5.63e-08
 176.7  40.1 2.035e+02 3.637e-05 1.787e-07 3.632e-05 2.035e+02   47.0  2.20e-07  0.00e+00  0.00e+00  3.47e-05  1.17e-06  0.00e+00  1.47e-09  2.27e-07  5.10e-08
 180.2  43.1 2.754e+02 1.536e-05 5.578e-08 1.539e-05 2.753e+02   51.0  0.00e+00  0.00e+00  0.00e+00  1.48e-05  1.93e-07  0.00e+00  1.33e-08  3.35e-07  1.92e-08
