Reaction:   ZT= 82    AT 206    ZP  2    AP   6
Energies in MeV, cross sections in mb,  angular momenta in hbar
SIGSUM = sum of residual nucleus cross sections.  SIGRAT = SIGSUM/SIGFUS

  ELAB E*_CN    SIGFUS    SIGSUM    SIGRAT   SIGEVAP    SIGFIS  LCRIT sig_208Po sig_209Po sig_210Po sig_211Po sig_212Po sig_207Bi sig_208Bi sig_209Bi sig_210Bi sig_211Bi sig_206Pb sig_207Pb sig_208Pb sig_209Pb sig_210Pb sig_205Tl sig_206Tl sig_207Tl sig_208Tl sig_209Tl sig_204Hg sig_205Hg sig_206Hg sig_207Hg sig_208Hg
  14.2  18.0 2.173e-03 2.174e-03 1.001e+00 2.173e-03 0.000e+00    0.0  0.00e+00  0.00e+00  2.17e-03  4.11e-06  1.15e-10  0.00e+00  0.00e+00  0.00e+00  4.88e-09  4.88e-08  0.00e+00  1.15e-07  7.70e-08  0.00e+00  0.00e+00  0.00e+00  0.00e+00  1.01e-17  0.00e+00  0.00e+00  0.00e+00  0.00e+00  0.00e+00  0.00e+00  0.00e+00
  17.4  21.1 4.097e+00 4.101e+00 1.001e+00 4.097e+00 0.000e+00    0.0  0.00e+00  1.28e+00  2.82e+00  3.75e-04  0.00e+00  0.00e+00  0.00e+00  6.42e-07  1.67e-04  5.57e-05  3.39e-06  4.53e-04  2.76e-05  0.00e+00  2.79e-13  0.00e+00  0.00e+00  6.32e-11  0.00e+00  0.00e+00  0.00e+00  0.00e+00  0.00e+00  0.00e+00  0.00e+00
  20.3  23.9 1.900e+02 1.898e+02 9.987e-01 1.900e+02 1.397e-06    6.0  0.00e+00  1.54e+02  3.57e+01  2.28e-03  0.00e+00  0.00e+00  0.00e+00  3.19e-03  1.61e-02  4.44e-04  4.21e-03  2.37e-02  1.45e-04  0.00e+00  3.57e-09  0.00e+00  0.00e+00  4.31e-08  0.00e+00  0.00e+00  0.00e+00  0.00e+00  0.00e+00  0.00e+00  0.00e+00
  23.1  26.6 6.185e+02 6.187e+02 1.000e+00 6.185e+02 1.518e-04   11.0  7.37e-01  5.88e+02  2.97e+01  8.47e-04  0.00e+00  0.00e+00  0.00e+00  6.86e-02  4.50e-02  2.39e-04  5.11e-02  6.18e-02  8.60e-05  2.42e-10  1.22e-07  0.00e+00  7.89e-10  8.84e-07  0.00e+00  0.00e+00  0.00e+00  0.00e+00  0.00e+00  0.00e+00  0.00e+00
  25.5  29.0 9.276e+02 9.276e+02 1.000e+00 9.276e+02 1.727e-03   14.0  6.80e+01  8.47e+02  1.21e+01  2.24e-04  0.00e+00  0.00e+00  1.10e-05  2.23e-01  3.44e-02  7.04e-05  1.62e-01  5.51e-02  2.55e-05  2.56e-08  6.11e-07  0.00e+00  3.91e-08  3.09e-06  0.00e+00  0.00e+00  0.00e+00  0.00e+00  0.00e+00  0.00e+00  0.00e+00
