Reaction:   ZT= 40    AT  90    ZP 50    AP 124
Energies in MeV, cross sections in mb,  angular momenta in hbar
SIGSUM = sum of residual nucleus cross sections.  SIGRAT = SIGSUM/SIGFUS

  ELAB E*_CN    SIGFUS    SIGSUM    SIGRAT   SIGEVAP    SIGFIS  LCRIT sig_210Th sig_211Th sig_212Th sig_213Th sig_214Th sig_209Ac sig_210Ac sig_211Ac sig_212Ac sig_213Ac sig_208Ra sig_209Ra sig_210Ra sig_211Ra sig_212Ra sig_207Fr sig_208Fr sig_209Fr sig_210Fr sig_211Fr sig_206Rn sig_207Rn sig_208Rn sig_209Rn sig_210Rn
 503.4  24.0 1.513e-05 7.895e-06 5.218e-01 7.893e-06 7.242e-06    0.0  0.00e+00  0.00e+00  3.93e-06  3.53e-06  4.55e-09  0.00e+00  0.00e+00  0.00e+00  2.69e-07  1.14e-07  0.00e+00  2.20e-08  2.31e-08  6.34e-13  1.76e-09  0.00e+00  0.00e+00  2.99e-10  0.00e+00  1.59e-16  1.32e-11  0.00e+00  3.56e-16  0.00e+00  0.00e+00
 516.5  29.5 3.873e-02 1.095e-02 2.826e-01 1.094e-02 2.779e-02    0.0  0.00e+00  3.01e-05  9.32e-03  5.74e-04  1.20e-07  0.00e+00  0.00e+00  5.11e-05  7.93e-04  3.31e-05  2.10e-06  1.19e-04  1.41e-05  1.09e-06  5.22e-06  0.00e+00  3.22e-08  1.94e-06  0.00e+00  7.28e-10  1.20e-07  0.00e+00  4.85e-10  0.00e+00  1.06e-19
 545.4  41.7 1.754e+01 7.451e-01 4.248e-02 7.446e-01 1.679e+01   32.0  7.74e-03  4.12e-01  5.54e-02  9.27e-05  0.00e+00  0.00e+00  6.10e-03  1.77e-01  2.13e-02  5.72e-05  4.26e-02  1.47e-02  8.74e-04  4.28e-03  2.66e-04  8.75e-05  2.14e-03  3.97e-04  1.24e-06  8.61e-06  7.54e-05  8.36e-07  8.42e-06  3.47e-16  1.04e-09
 554.8  45.6 3.763e+01 8.502e-01 2.259e-02 8.497e-01 3.677e+01   39.0  6.34e-02  3.48e-01  1.19e-02  9.58e-06  0.00e+00  1.13e-06  6.92e-02  2.32e-01  9.11e-03  1.25e-05  8.80e-02  9.72e-03  5.66e-03  6.35e-03  1.58e-04  1.33e-03  4.92e-03  3.10e-04  1.62e-05  1.86e-05  8.17e-05  1.25e-05  2.19e-05  2.03e-11  1.10e-08
 529.8  35.1 1.832e+00 2.247e-01 1.226e-01 2.244e-01 1.608e+00   11.0  0.00e+00  6.05e-02  1.22e-01  9.84e-04  0.00e+00  0.00e+00  4.72e-08  1.75e-02  1.63e-02  1.57e-04  1.56e-03  4.93e-03  1.04e-04  3.35e-04  1.43e-04  3.06e-09  5.98e-05  1.01e-04  2.54e-10  3.69e-07  1.00e-05  1.82e-10  2.89e-07  0.00e+00  3.78e-13
 544.4  41.3 1.583e+01 7.135e-01 4.507e-02 7.135e-01 1.511e+01   31.0  5.00e-03  3.95e-01  6.30e-02  1.14e-04  0.00e+00  0.00e+00  4.25e-03  1.64e-01  2.24e-02  6.47e-05  3.76e-02  1.48e-02  6.71e-04  3.92e-03  2.76e-04  6.03e-05  1.87e-03  3.88e-04  9.32e-07  7.60e-06  7.16e-05  6.06e-07  7.29e-06  1.74e-16  7.90e-10
 554.3  45.4 3.642e+01 8.527e-01 2.341e-02 8.521e-01 3.556e+01   38.0  5.97e-02  3.59e-01  1.30e-02  1.09e-05  0.00e+00  8.93e-07  6.16e-02  2.35e-01  9.68e-03  1.37e-05  8.64e-02  1.01e-02  5.27e-03  6.34e-03  1.66e-04  1.20e-03  4.79e-03  3.17e-04  1.49e-05  1.81e-05  8.28e-05  1.07e-05  2.13e-05  1.42e-11  1.01e-08
