Reaction:   ZT= 83    AT 209    ZP  2    AP   6
Energies in MeV, cross sections in mb,  angular momenta in hbar
SIGSUM = sum of residual nucleus cross sections.  SIGRAT = SIGSUM/SIGFUS

  ELAB E*_CN    SIGFUS    SIGSUM    SIGRAT   SIGEVAP    SIGFIS  LCRIT sig_211At sig_212At sig_213At sig_214At sig_215At sig_210Po sig_211Po sig_212Po sig_213Po sig_214Po sig_209Bi sig_210Bi sig_211Bi sig_212Bi sig_213Bi sig_208Pb sig_209Pb sig_210Pb sig_211Pb sig_212Pb sig_207Tl sig_208Tl sig_209Tl sig_210Tl sig_211Tl
  19.3  19.3 5.945e+01 5.946e+01 1.000e+00 5.945e+01 2.753e-06    1.0  0.00e+00  1.65e+01  4.29e+01  4.24e-02  0.00e+00  0.00e+00  0.00e+00  0.00e+00  1.13e-03  4.19e-04  1.16e-02  6.14e-03  3.44e-04  0.00e+00  0.00e+00  0.00e+00  0.00e+00  4.46e-09  0.00e+00  0.00e+00  0.00e+00  0.00e+00  0.00e+00  0.00e+00  0.00e+00
  20.8  20.8 2.415e+02 2.412e+02 9.986e-01 2.415e+02 7.695e-05    7.0  0.00e+00  1.40e+02  1.01e+02  5.94e-02  0.00e+00  0.00e+00  0.00e+00  1.43e-04  8.09e-03  1.14e-03  6.44e-02  2.61e-02  6.13e-04  0.00e+00  1.47e-12  0.00e+00  2.09e-10  8.32e-08  0.00e+00  0.00e+00  0.00e+00  0.00e+00  0.00e+00  0.00e+00  0.00e+00
  22.3  22.3 4.733e+02 4.732e+02 9.998e-01 4.733e+02 6.213e-04   10.0  0.00e+00  3.72e+02  1.01e+02  4.75e-02  0.00e+00  0.00e+00  0.00e+00  1.86e-03  2.28e-02  1.09e-03  1.08e-01  4.45e-02  4.15e-04  0.00e+00  5.18e-11  0.00e+00  2.69e-09  2.15e-07  0.00e+00  0.00e+00  0.00e+00  0.00e+00  0.00e+00  0.00e+00  0.00e+00
  23.7  23.7 6.794e+02 6.793e+02 9.998e-01 6.794e+02 2.673e-03   12.0  6.00e+00  6.05e+02  6.80e+01  2.39e-02  0.00e+00  0.00e+00  0.00e+00  1.07e-02  3.82e-02  6.65e-04  1.56e-01  5.01e-02  2.47e-04  0.00e+00  6.79e-10  0.00e+00  2.81e-08  6.31e-07  0.00e+00  0.00e+00  0.00e+00  0.00e+00  0.00e+00  0.00e+00  0.00e+00
  25.1  25.0 8.552e+02 8.548e+02 9.995e-01 8.552e+02 8.213e-03   14.0  4.90e+01  7.71e+02  3.44e+01  1.02e-02  0.00e+00  0.00e+00  0.00e+00  3.43e-02  4.67e-02  3.35e-04  2.18e-01  4.51e-02  1.12e-04  0.00e+00  5.48e-09  1.44e-08  2.21e-07  1.28e-06  0.00e+00  0.00e+00  0.00e+00  0.00e+00  0.00e+00  0.00e+00  0.00e+00
  26.4  26.3 1.007e+03 1.008e+03 1.001e+00 1.007e+03 2.056e-02   15.0  2.21e+02  7.66e+02  2.01e+01  4.94e-03  0.00e+00  0.00e+00  8.79e-06  7.90e-02  4.29e-02  1.83e-04  3.03e-01  3.29e-02  5.58e-05  1.01e-11  2.28e-08  2.21e-07  8.53e-07  2.18e-06  0.00e+00  0.00e+00  0.00e+00  0.00e+00  0.00e+00  0.00e+00  0.00e+00
  27.5  27.3 1.121e+03 1.122e+03 1.001e+00 1.121e+03 3.990e-02   16.0  4.35e+02  6.74e+02  1.21e+01  2.69e-03  0.00e+00  0.00e+00  1.40e-04  1.29e-01  3.48e-02  1.09e-04  3.75e-01  2.25e-02  3.02e-05  2.10e-10  6.76e-08  1.58e-06  1.94e-06  2.98e-06  0.00e+00  0.00e+00  0.00e+00  0.00e+00  0.00e+00  0.00e+00  0.00e+00
